2 100.0
3 200.8
4 298.4
5 397.2
6 497.2
7 592.6
8 681.2
9 792.0
10 892.0
11 994.2
12 1079.6
13 1172.8
14 1266.8
15 1364.6
16 1473.6
17 1568.8
18 1653.6
19 1742.4
20 1826.0
21 1947.6
22 2068.8
23 2161.8
24 2184.4
25 2271.6
26 2364.0
27 2459.6
28 2538.8
29 2648.6
30 2768.4
31 2886.8
32 3021.2
33 3125.0
34 3168.8
35 3237.0
36 3348.0
37 3433.8
38 3555.6
39 3690.0
40 3790.4
41 3858.2
42 3971.6
43 4043.8
44 4112.8
45 4157.4
46 4275.2
47 4357.8
48 4448.4
49 4555.6
50 4666.4
51 4773.4
52 4878.4
53 4973.4
54 5083.2
55 5165.2
56 5250.8
57 5366.0
58 5478.8
59 5580.2
60 5668.4
61 5736.8
62 5816.4
63 5884.4
64 5927.6
65 5988.2
66 6040.0
67 6175.4
68 6260.4
69 6366.6
70 6507.6
71 6578.6
72 6691.2
73 6759.4
74 6802.0
75 6824.0
76 6914.4
77 6964.8
78 7010.8
79 7096.8
80 7093.6
81 7218.6
82 7329.2
83 7390.6
84 7412.8
85 7576.4
86 7616.8
87 7672.4
88 7780.4
89 7846.6
90 7956.8
91 8082.8
92 8281.2
93 8409.2
94 8539.2
95 8611.2
96 8660.8
97 8719.2
98 8839.2
99 8976.2
