2 100.0
3 271.6
4 459.6
5 642.6
6 827.2
7 1010.0
8 1178.8
9 1390.8
10 1596.8
11 1774.8
12 1931.2
13 2144.6
14 2343.6
15 2507.6
16 2668.4
17 2835.2
18 3003.6
19 3186.6
20 3351.2
21 3535.4
22 3781.6
23 4005.6
24 4200.0
25 4391.6
26 4563.2
27 4732.0
28 4945.2
29 5148.6
30 5319.2
31 5415.8
32 5599.2
33 5809.2
34 6034.0
35 6247.2
36 6468.4
37 6679.0
38 6841.2
39 7021.0
40 7250.4
41 7443.6
42 7615.6
43 7778.0
44 7985.6
45 8166.8
46 8422.4
47 8662.2
48 8868.0
49 9062.2
50 9316.8
51 9579.2
52 9746.8
53 9931.6
54 10038.4
55 10164.8
56 10311.2
57 10508.4
58 10676.8
59 10899.2
60 11060.8
61 11217.4
62 11300.4
63 11427.6
64 11516.4
65 11686.6
66 11889.6
67 12120.6
68 12404.0
69 12645.0
70 12877.2
71 13068.0
72 13296.0
73 13536.6
74 13808.4
75 14023.8
76 14226.0
77 14378.0
78 14539.6
79 14652.4
80 14809.2
81 14963.6
82 15176.8
83 15516.8
84 15781.2
85 16063.0
86 16272.8
87 16466.4
88 16679.6
89 16831.4
90 17007.6
91 17144.6
92 17270.8
93 17455.6
94 17541.6
95 17762.0
96 17996.8
97 18140.2
98 18249.6
99 18456.2
