2 100.0
3 261.6
4 442.8
5 664.2
6 871.2
7 1114.8
8 1357.2
9 1618.4
10 1860.0
11 2137.8
12 2385.2
13 2685.4
14 2971.2
15 3244.6
16 3524.4
17 3796.4
18 4120.8
19 4407.8
20 4724.4
21 4995.2
22 5292.8
23 5595.0
24 5942.4
25 6288.4
26 6658.0
27 6995.4
28 7345.6
29 7667.8
30 7892.0
31 8230.2
32 8528.0
33 8896.0
34 9236.4
35 9733.4
36 10155.6
37 10625.4
38 11039.6
39 11470.6
40 11989.6
41 12449.4
42 12866.0
43 13200.0
44 13530.8
45 13931.0
46 14318.4
47 14758.6
48 15194.4
49 15665.2
50 16062.0
51 16606.2
52 17030.4
53 17690.6
54 18062.4
55 18285.0
56 18570.4
57 18838.0
58 19210.4
59 19620.6
60 19998.4
61 20574.8
62 20990.8
63 21476.6
64 21826.8
65 22264.4
66 22721.2
67 23062.4
68 23666.0
69 24169.0
70 24810.4
71 25487.4
72 26132.0
73 26757.6
74 27025.2
75 27394.6
76 27766.0
77 28194.0
78 28792.8
79 29267.0
80 29656.8
81 30072.4
82 30685.6
83 31305.4
84 31882.4
85 32361.8
86 33219.2
87 33828.8
88 34510.4
89 34554.8
90 34910.4
91 35708.8
92 36304.4
93 36829.6
94 37249.6
95 37872.4
96 38475.6
97 39257.2
98 40320.8
99 40720.6
